a = 10;
b = 20;
y=6;
